Analytical Result
******************************
for t = 0.1
300 241.848 191.156 152.636 127.12 112.386 104.971 101.717 100.474 100.066 99.9756 100.064 100.467 101.697 104.921 112.28 126.922 152.313 190.7 241.285 300
******************************
for t = 0.2
300 259.493 221.553 188.267 160.918 139.878 124.739 114.591 108.351 105.044 104.013 105.023 108.304 114.51 124.613 139.696 160.673 187.959 221.189 259.092 300
******************************
for t = 0.3
300 267.103 235.598 206.713 181.374 160.143 143.223 130.525 121.786 116.697 115.02 116.664 121.717 130.417 143.073 159.95 181.137 206.437 235.29 266.774 300
******************************
for t = 0.4
300 271.668 244.268 218.658 195.558 175.518 158.904 145.918 136.641 131.081 129.218 131.043 136.566 145.805 158.754 175.332 195.339 218.41 243.998 271.384 300
******************************
for t = 0.5
300 274.928 250.57 227.599 206.619 188.138 172.558 160.179 151.206 145.769 143.937 145.732 151.133 160.07 172.416 187.964 206.418 227.375 250.329 274.677 300