Crank-Nicholson Result
******************************
for t = 0.1
300 244.562 195.768 157.903 131.908 116.045 107.387 103.131 101.239 100.495 100.305 100.495 101.239 103.131 107.387 116.045 131.908 157.903 195.768 244.562 300
******************************
for t = 0.2
300 260.437 223.303 190.581 163.504 142.46 127.107 116.638 110.076 106.54 105.431 106.54 110.076 116.638 127.107 142.46 163.504 190.581 223.303 260.437 300
******************************
for t = 0.3
300 267.627 236.601 208.11 183.06 162.008 145.168 132.48 123.717 118.604 116.927 118.604 123.717 132.48 145.168 162.008 183.06 208.11 236.601 267.627 300
******************************
for t = 0.4
300 272.035 244.983 219.686 196.853 177.027 160.575 147.705 138.507 132.997 131.163 132.997 138.507 147.705 160.575 177.027 196.853 219.686 244.983 272.035 300
******************************
for t = 0.5
300 275.224 251.151 228.447 207.708 189.436 174.033 161.794 152.926 147.559 145.762 147.559 152.926 161.794 174.033 189.436 207.708 228.447 251.151 275.224 300