DuFort-Frankel Result
******************************
for t = 0.1
300 245.01 199.439 157.816 134.415 114.834 107.679 102.165 101.035 100.271 101.035 102.165 107.679 114.834 134.415 157.816 199.439 245.01 300
******************************
for t = 0.2
300 260.615 224.911 190.789 165.453 142.326 128.6 116.755 112.292 109.204 112.292 116.755 128.6 142.326 165.453 190.789 224.911 260.615 300
******************************
for t = 0.3
300 267.77 237.683 208.524 184.985 162.959 148.257 135.238 129.825 126.066 129.825 135.238 148.257 162.959 184.985 208.524 237.683 267.77 300
******************************
for t = 0.4
300 272.317 246.182 220.722 199.54 179.551 165.7 153.34 148.059 144.387 148.059 153.34 165.7 179.551 199.54 220.722 246.182 272.317 300
******************************
for t = 0.5
300 275.774 252.805 230.384 211.525 193.673 181.14 169.927 165.092 161.729 165.092 169.927 181.14 193.673 211.525 230.384 252.805 275.774 300