Laasonen Result
******************************
for t = 0.1
300 242.467 192.977 155.858 131.128 116.233 108.009 103.829 101.944 101.413 101.944 103.829 108.009 116.233 131.128 155.858 192.977 242.467 300
******************************
for t = 0.2
300 259.702 222.087 189.282 162.515 142.07 127.508 118.009 112.723 111.035 112.723 118.009 127.508 142.07 162.515 189.282 222.087 259.702 300
******************************
for t = 0.3
300 267.327 236.125 207.686 182.989 162.645 146.923 135.838 129.273 127.102 129.273 135.838 146.923 162.645 182.989 207.686 236.125 267.327 300
******************************
for t = 0.4
300 272.087 245.192 220.253 198.074 179.282 164.325 153.489 146.936 144.744 146.936 153.489 164.325 179.282 198.074 220.253 245.192 272.087 300
******************************
for t = 0.5
300 275.636 252.072 230.07 210.314 193.388 179.762 169.79 163.712 161.672 163.712 169.79 179.762 193.388 210.314 230.07 252.072 275.636 300