Richardson Result
******************************
for t = 0.1
300 -229838 332137 -288370 178640 -82211.1 28701.3 -7287.34 1470.36 -66.43 121.475 -66.43 1470.36 -7287.34 28701.3 -82211.1 178640 -288370 332137 -229838 300
******************************
for t = 0.2
300 -2.40633e+010 4.05877e+010 -4.58252e+010 4.1035e+010 -3.07232e+010 1.96814e+010 -1.09237e+010 5.33323e+009 -2.47403e+009 1.62584e+009 -2.47403e+009 5.33323e+009 -1.09237e+010 1.96814e+010 -3.07232e+010 4.1035e+010 -4.58252e+010 4.05877e+010 -2.40633e+010 300
******************************
for t = 0.3
300 -3.60606e+015 6.42837e+015 -7.9601e+015 8.11507e+015 -7.18625e+015 5.66981e+015 -4.06343e+015 2.73332e+015 -1.88253e+015 1.59271e+015 -1.88253e+015 2.73332e+015 -4.06343e+015 5.66981e+015 -7.18625e+015 8.11507e+015 -7.9601e+015 6.42837e+015 -3.60606e+015 300
******************************
for t = 0.4
300 -6.3364e+020 1.16224e+021 -1.50966e+021 1.64693e+021 -1.59441e+021 1.40935e+021 -1.16584e+021 9.3551e+020 -7.74379e+020 7.1685e+020 -7.74379e+020 9.3551e+020 -1.16584e+021 1.40935e+021 -1.59441e+021 1.64693e+021 -1.50966e+021 1.16224e+021 -6.3364e+020 300
******************************
for t = 0.5
300 -1.22099e+026 2.2808e+026 -3.0555e+026 3.48476e+026 -3.58026e+026 3.41589e+026 -3.1047e+026 2.77042e+026 -2.52117e+026 2.42959e+026 -2.52117e+026 2.77042e+026 -3.1047e+026 3.41589e+026 -3.58026e+026 3.48476e+026 -3.0555e+026 2.2808e+026 -1.22099e+026 300